554420 289373 554580 289533 0
554420 285139 554580 285300 0
548452 289905 548547 290000 0
548452 283999 548547 284094 0
542400 287800 544600 290000 0
542400 284000 544600 286200 0
484170 383100 485370 384300 2
486170 383100 487370 384300 2
484170 380700 485370 381900 2
486170 380700 487370 381900 2
484900 350400 486100 351600 2
486900 350400 488100 351600 2
494400 306900 495600 308100 2
494400 308900 495600 310100 2
485400 305900 486600 307100 2
487400 305900 488600 307100 2
494400 317400 495600 318600 2
496400 317400 497600 318600 2
489900 310900 491100 312100 2
487900 310900 489100 312100 2
494400 320400 495600 321600 2
496400 320400 497600 321600 2
485900 292900 487100 294100 2
487900 292900 489100 294100 2
495900 281900 497100 283100 2
493900 281900 495100 283100 2
493900 301900 495100 303100 2
493900 299900 495100 301100 2
492900 285400 494100 286600 2
490900 285400 492100 286600 2
494400 271900 495600 273100 2
496400 271900 497600 273100 2
494400 274900 495600 276100 2
496400 274900 497600 276100 2
499372 246419 499533 246580 0
495139 246419 495300 246580 0
481000 422300 483200 424500 2
481000 418500 483200 420700 2
461300 407100 462500 408300 2
463300 407100 464500 408300 2
463820 396800 465020 398000 2
465820 396800 467020 398000 2
478870 402200 480070 403400 2
480870 402200 482070 403400 2
476520 416000 477720 417200 2
478520 416000 479720 417200 2
476520 418400 477720 419600 2
478520 418400 479720 419600 2
466472 384549 466567 384644 2
466472 390455 466567 390550 2
463000 377600 464200 378800 2
463000 375600 464200 376800 2
472200 374400 473400 375600 2
470200 374400 471400 375600 2
460400 377600 461600 378800 2
460400 375600 461600 376800 2
481900 374900 483100 376100 2
483900 374900 485100 376100 2
469750 381250 470950 382450 2
471750 381250 472950 382450 2
474600 375600 475800 376800 2
476600 375600 477800 376800 2
461920 382500 463120 383700 2
461920 380500 463120 381700 2
479400 374900 480600 376100 2
479400 376900 480600 378100 2
462200 393000 463400 394200 2
462200 391000 463400 392200 2
461420 396100 462620 397300 2
461420 398100 462620 399300 2
480499 370452 480594 370547 2
486405 370452 486500 370547 2
483000 353400 485200 355600 2
486800 353400 489000 355600 2
472000 361400 473200 362600 2
470000 361400 471200 362600 2
465800 370100 467000 371300 2
467800 370100 469000 371300 2
473900 368900 475100 370100 2
471900 368900 473100 370100 2
475900 358700 477100 359900 2
473900 358700 475100 359900 2
465700 362750 466900 363950 2
467700 362750 468900 363950 2
467800 372600 469000 373800 2
465800 372600 467000 373800 2
467400 357800 468600 359000 2
469400 357800 470600 359000 2
460100 361500 461300 362700 2
462100 361500 463300 362700 2
460950 372300 462150 373500 2
460950 370300 462150 371500 2
463350 372700 464550 373900 2
463350 370700 464550 371900 2
478900 366100 480100 367300 2
480900 366100 482100 367300 2
461820 365150 464020 367350 2
465620 365150 467820 367350 2
466300 341900 468500 344100 2
462500 341900 464700 344100 2
477500 339400 479700 341600 2
481300 339400 483500 341600 2
478900 342900 480100 344100 2
480900 342900 482100 344100 2
465400 345900 466600 347100 2
463400 345900 464600 347100 2
471400 348900 472600 350100 2
473400 348900 474600 350100 2
463900 324400 465100 325600 2
465900 324400 467100 325600 2
469193 308693 470393 309893 2
470607 310107 471807 311307 2
460900 312400 462100 313600 2
460900 310400 462100 311600 2
463900 310400 465100 311600 2
465900 310400 467100 311600 2
460900 322400 462100 323600 2
460900 324400 462100 325600 2
468900 318400 470100 319600 2
468900 320400 470100 321600 2
469999 303452 470094 303547 2
475905 303452 476000 303547 2
484900 301400 486100 302600 2
482900 301400 484100 302600 2
484900 298900 486100 300100 2
482900 298900 484100 300100 2
465400 301900 466600 303100 2
465400 303900 466600 305100 2
469400 293900 470600 295100 2
471400 293900 472600 295100 2
463400 283400 464600 284600 2
461400 283400 462600 284600 2
465400 288400 466600 289600 2
465400 286400 466600 287600 2
461100 295900 462300 297100 2
461100 297900 462300 299100 2
475952 264405 476047 264500 2
475952 258499 476047 258594 2
482452 264405 482547 264500 2
482452 258499 482547 258594 2
464400 263800 466600 266000 2
464400 260000 466600 262200 2
465400 274400 466600 275600 2
465400 272400 466600 273600 2
460500 259900 462700 262100 0
464300 259900 466500 262100 0
460400 263800 462600 266000 2
460400 260000 462600 262200 2
464400 254300 466600 256500 2
464400 250500 466600 252700 2
460400 254300 462600 256500 2
460400 250500 462600 252700 2
458700 418150 458700 418150 2
452900 408900 454100 410100 2
454900 408900 456100 410100 2
461300 409500 462500 410700 2
459300 409500 460500 410700 2
441670 407500 443870 409700 2
445470 407500 447670 409700 2
449300 403100 450500 404300 2
449300 401100 450500 402300 2
450500 409400 451700 410600 2
450500 411400 451700 412600 2
451700 403100 452900 404300 2
451700 401100 452900 402300 2
454100 402800 455300 404000 2
456100 402800 457300 404000 2
454800 406500 456000 407700 2
456800 406500 458000 407700 2
450720 397100 451920 398300 2
452720 397100 453920 398300 2
442470 402900 443670 404100 2
442470 400900 443670 402100 2
445070 402900 446270 404100 2
445070 400900 446270 402100 2
445120 405100 446320 406300 2
447120 405100 448320 406300 2
437200 403100 438400 404300 2
437200 401100 438400 402300 2
439600 402900 440800 404100 2
439600 400900 440800 402100 2
439270 410850 440470 412050 2
439270 412850 440470 414050 2
450400 406500 451600 407700 2
452400 406500 453600 407700 2
439270 407350 440470 408550 2
439270 405350 440470 406550 2
447625 397352 447720 397447 2
441719 397352 441814 397447 2
461250 386200 463450 388400 2
457450 386200 459650 388400 2
452700 386500 454900 388700 2
448900 386500 451100 388700 2
456120 378600 458320 380800 2
456120 382400 458320 384600 2
445320 376500 447520 378700 2
449120 376500 451320 378700 2
455570 376200 456770 377400 2
455570 374200 456770 375400 2
457770 376200 458970 377400 2
457770 374200 458970 375400 2
447900 392700 449100 393900 2
447900 390700 449100 391900 2
455420 390150 456620 391350 2
457420 390150 458620 391350 2
452520 389900 453720 391100 2
450520 389900 451720 391100 2
450870 381900 452070 383100 2
450870 379900 452070 381100 2
453320 379300 454520 380500 2
453320 381300 454520 382500 2
452550 384100 453750 385300 2
450550 384100 451750 385300 2
452520 376550 453720 377750 2
452520 374550 453720 375750 2
445500 390700 446700 391900 2
445500 392700 446700 393900 2
446350 385800 447550 387000 2
446350 387800 447550 389000 2
441670 387800 442870 389000 2
441670 385800 442870 387000 2
443920 387800 445120 389000 2
443920 385800 445120 387000 2
445539 383400 446739 384600 2
447539 383400 448739 384600 2
442920 377600 444120 378800 2
442920 375600 444120 376800 2
447320 374100 448520 375300 2
445320 374100 446520 375300 2
457420 392550 458620 393750 2
455420 392550 456620 393750 2
450500 394300 451700 395500 2
450500 392300 451700 393500 2
452700 392300 453900 393500 2
452700 394300 453900 395500 2
459520 382500 460720 383700 2
459520 380500 460720 381700 2
459820 393000 461020 394200 2
459820 391000 461020 392200 2
459020 396100 460220 397300 2
459020 398100 460220 399300 2
441120 392800 442320 394000 2
441120 390800 442320 392000 2
438720 392800 439920 394000 2
438720 390800 439920 392000 2
438720 385800 439920 387000 2
438720 387800 439920 389000 2
440320 381050 441520 382250 2
440320 383050 441520 384250 2
440720 378650 441920 379850 2
438720 378650 439920 379850 2
456620 398100 457820 399300 2
456620 396100 457820 397300 2
451125 359952 451220 360047 2
445219 359952 445314 360047 2
446850 363100 448050 364300 2
448850 363100 450050 364300 2
454920 367350 456120 368550 2
454920 365350 456120 366550 2
457170 367350 458370 368550 2
457170 365350 458370 366550 2
448200 365350 449400 366550 2
448200 367350 449400 368550 2
454170 360450 455370 361650 2
456170 360450 457370 361650 2
455420 370200 456620 371400 2
457420 370200 458620 371400 2
459420 365350 460620 366550 2
459420 367350 460620 368550 2
457220 362700 458420 363900 2
455220 362700 456420 363900 2
440600 369500 441800 370700 2
440600 371500 441800 372700 2
440350 360350 441550 361550 2
440350 362350 441550 363550 2
449720 372450 450920 373650 2
449720 370450 450920 371650 2
452620 369750 453820 370950 2
452620 371750 453820 372950 2
442920 370450 444120 371650 2
442920 372450 444120 373650 2
445320 371850 446520 373050 2
447320 371850 448520 373050 2
450420 365700 451620 366900 2
450420 367700 451620 368900 2
452670 365350 453870 366550 2
452670 367350 453870 368550 2
438100 360350 439300 361550 2
438100 362350 439300 363550 2
445320 369600 446520 370800 2
447320 369600 448520 370800 2
440000 366000 442200 368200 2
443800 366000 446000 368200 2
445952 345905 446047 346000 2
445952 339999 446047 340094 2
454400 347900 455600 349100 2
454400 345900 455600 347100 2
443900 348900 445100 350100 2
443900 350900 445100 352100 2
448400 348900 449600 350100 2
446400 348900 447600 350100 2
439700 339500 440900 340700 2
441700 339500 442900 340700 2
452400 305900 453600 307100 2
452400 307900 453600 309100 2
451900 320400 453100 321600 2
449900 320400 451100 321600 2
456400 312900 457600 314100 2
456400 314900 457600 316100 2
451900 317400 453100 318600 2
451900 315400 453100 316600 2
448900 305400 450100 306600 2
446900 305400 448100 306600 2
437400 313400 438600 314600 2
437400 311400 438600 312600 2
458452 307705 458547 307800 2
458452 301799 458547 301894 2
457400 286500 459600 288700 2
457400 290300 459600 292500 2
448400 287900 449600 289100 2
448400 285900 449600 287100 2
445400 285900 446600 287100 2
445400 287900 446600 289100 2
448100 291400 449300 292600 2
450100 291400 451300 292600 2
458400 281900 459600 283100 2
458400 279900 459600 281100 2
452900 284900 454100 286100 2
454900 284900 456100 286100 2
447400 298900 448600 300100 2
447400 300900 448600 302100 2
458600 295900 459800 297100 2
458600 297900 459800 299100 2
456100 295900 457300 297100 2
456100 297900 457300 299100 2
441400 301900 442600 303100 2
439400 301900 440600 303100 2
454900 288900 456100 290100 2
452900 288900 454100 290100 2
451900 300900 453100 302100 2
449900 300900 451100 302100 2
465486 321065 465526 321105 0
468635 321065 468675 321105 0
487533 321065 487572 321105 0
490682 321065 490722 321105 0
465486 317915 465526 317955 0
468635 317915 468675 317955 0
471785 317915 471825 317955 0
490682 317915 490722 317955 0
465486 314766 465526 314806 0
490682 314766 490722 314806 0
465486 311616 465526 311656 0
468635 311616 468675 311656 0
487533 311616 487572 311656 0
490682 311616 490722 311656 0
465486 308467 465526 308507 0
471785 308467 471825 308507 0
487533 308467 487572 308507 0
490682 308467 490722 308507 0
465486 305317 465526 305357 0
468635 305317 468675 305357 0
487533 305317 487572 305357 0
490682 305317 490722 305357 0
465486 302167 465526 302207 0
484383 302167 484422 302207 0
487533 302167 487572 302207 0
490682 302167 490722 302207 0
465486 299018 465526 299058 0
490682 299018 490722 299058 0
465486 295868 465526 295908 0
468635 295868 468675 295908 0
487533 295868 487572 295908 0
490682 295868 490722 295908 0
465486 292719 465526 292758 0
490682 292719 490722 292758 0
465486 289569 465526 289608 0
490682 289569 490722 289608 0
465486 286419 465526 286458 0
490682 286419 490722 286458 0
465486 283270 465526 283310 0
490682 283270 490722 283310 0
465486 276971 465526 277010 0
490682 276971 490722 277010 0
465486 273821 465526 273860 0
484383 273821 484422 273860 0
490682 273821 490722 273860 0
444952 265905 445047 266000 2
444952 259999 445047 260094 2
444952 276999 445047 277094 2
444952 282905 445047 283000 2
455900 273400 457100 274600 2
457900 273400 459100 274600 2
455900 270900 457100 272100 2
457900 270900 459100 272100 2
425900 410600 427100 411800 2
427900 410600 429100 411800 2
435870 406650 438070 408850 2
435870 410450 438070 412650 2
414550 396980 415750 398180 2
414550 398980 415750 400180 2
417500 403900 418700 405100 2
417500 405900 418700 407100 2
432600 403100 433800 404300 2
432600 401100 433800 402300 2
434900 403100 436100 404300 2
434900 401100 436100 402300 2
431020 398000 432220 399200 2
433020 398000 434220 399200 2
437800 398100 439000 399300 2
435800 398100 437000 399300 2
430000 403150 431200 404350 2
430000 401150 431200 402350 2
429000 406800 430200 408000 2
427000 406800 428200 408000 2
424000 408000 425200 409200 2
422000 408000 423200 409200 2
419750 405000 420950 406200 2
419750 407000 420950 408200 2
417720 396650 419920 398850 2
417720 400450 419920 402650 2
421120 396650 423320 398850 2
421120 400450 423320 402650 2
424000 405600 425200 406800 2
422000 405600 423200 406800 2
431400 406800 432600 408000 2
433400 406800 434600 408000 2
421020 378450 423220 380650 2
421020 382250 423220 384450 2
425570 378200 427770 380400 2
425570 382000 427770 384200 2
414393 377593 415593 378793 2
415807 379007 417007 380207 2
422320 374550 423520 375750 2
420320 374550 421520 375750 2
414870 386950 416070 388150 2
416870 386950 418070 388150 2
414963 381543 416163 382743 2
416377 382957 417577 384157 2
417120 394250 418320 395450 2
419120 394250 420320 395450 2
417470 391850 418670 393050 2
417470 389850 418670 391050 2
418600 378300 419800 379500 2
418600 380300 419800 381500 2
420570 391850 421770 393050 2
420570 389850 421770 391050 2
422420 387650 423620 388850 2
422420 385650 423620 386850 2
420020 387650 421220 388850 2
420020 385650 421220 386850 2
436320 390900 437520 392100 2
436320 392900 437520 394100 2
433920 390900 435120 392100 2
433920 392900 435120 394100 2
433920 387800 435120 389000 2
433920 385800 435120 387000 2
436320 387800 437520 389000 2
436320 385800 437520 387000 2
437070 382450 438270 383650 2
435070 382450 436270 383650 2
437800 395900 439000 397100 2
435800 395900 437000 397100 2
433920 377250 435120 378450 2
431920 377250 433120 378450 2
436120 378050 437320 379250 2
436120 380050 437320 381250 2
436400 372950 437600 374150 2
438400 372950 439600 374150 2
436400 375150 437600 376350 2
438400 375150 439600 376350 2
428100 392900 429300 394100 2
426100 392900 427300 394100 2
426820 385400 428020 386600 2
424820 385400 426020 386600 2
424820 390200 426020 391400 2
426820 390200 428020 391400 2
424820 387800 426020 389000 2
426820 387800 428020 389000 2
431520 386450 432720 387650 2
429520 386450 430720 387650 2
430470 384050 431670 385250 2
430470 382050 431670 383250 2
430020 379650 431220 380850 2
432020 379650 433220 380850 2
429700 375200 430900 376400 2
429700 377200 430900 378400 2
424520 395800 426720 398000 2
424520 399600 426720 401800 2
430520 394600 432720 396800 2
430520 390800 432720 393000 2
428100 396300 429300 397500 2
428100 398300 429300 399500 2
415000 361900 415000 361900 2
425600 373900 427800 376100 2
425600 370100 427800 372300 2
420700 360900 421900 362100 2
418700 360900 419900 362100 2
421520 366550 422720 367750 2
421520 364550 422720 365750 2
421520 368750 422720 369950 2
419520 368750 420720 369950 2
418700 363300 419900 364500 2
418700 365300 419900 366500 2
431600 364700 432800 365900 2
433600 364700 434800 365900 2
431600 362300 432800 363500 2
433600 362300 434800 363500 2
436000 366550 437200 367750 2
436000 364550 437200 365750 2
433720 370450 434920 371650 2
433720 372450 434920 373650 2
427920 366350 429120 367550 2
425920 366350 427120 367550 2
435850 360350 437050 361550 2
435850 362350 437050 363550 2
427900 362100 429100 363300 2
425900 362100 427100 363300 2
423720 366950 424920 368150 2
423720 364950 424920 366150 2
427420 358700 429620 360900 2
423620 358700 425820 360900 2
414720 371150 416920 373350 2
418520 371150 420720 373350 2
430320 367650 432520 369850 2
430320 371450 432520 373650 2
436400 370750 437600 371950 2
436400 368750 437600 369950 2
433600 359900 434800 361100 2
431600 359900 432800 361100 2
424500 355300 424500 355300 2
427700 355300 429900 357500 2
431500 355300 433700 357500 2
427100 352900 428300 354100 2
429100 352900 430300 354100 2
418950 358150 420150 359350 2
416950 358150 418150 359350 2
420307 354093 421507 355293 2
418893 355507 420093 356707 2
438700 342200 440900 344400 2
434900 342200 437100 344400 2
434300 348100 435500 349300 2
434300 346100 435500 347300 2
428520 349150 429720 350350 2
426520 349150 427720 350350 2
423120 348750 424320 349950 2
423120 346750 424320 347950 2
429320 345750 431520 347950 2
425520 345750 427720 347950 2
417400 349100 418600 350300 2
415400 349100 416600 350300 2
417500 339800 419700 342000 2
417500 336000 419700 338200 2
418400 336900 419600 338100 0
420400 336900 421600 338100 0
417400 346700 418600 347900 2
415400 346700 416600 347900 2
420720 348750 421920 349950 2
420720 346750 421920 347950 2
422900 318900 424100 320100 2
420900 318900 422100 320100 2
422900 311400 424100 312600 2
422900 309400 424100 310600 2
433693 307693 434893 308893 2
435107 309107 436307 310307 2
425900 323900 427100 325100 2
427900 323900 429100 325100 2
422900 315900 424100 317100 2
420900 315900 422100 317100 2
421452 299999 421547 300094 2
421452 305905 421547 306000 2
420400 279900 421600 281100 2
422400 279900 423600 281100 2
429400 297900 430600 299100 2
427400 297900 428600 299100 2
422900 284400 424100 285600 2
422900 286400 424100 287600 2
420400 286400 421600 287600 2
420400 284400 421600 285600 2
427400 289400 428600 290600 2
427400 291400 428600 292600 2
422400 294900 423600 296100 2
422400 292900 423600 294100 2
427678 321065 427717 321105 0
430827 321065 430867 321105 0
449725 321065 449764 321105 0
452874 321065 452913 321105 0
427678 317915 427717 317955 0
430827 317915 430867 317955 0
433977 317915 434017 317955 0
452874 317915 452913 317955 0
427678 314766 427717 314806 0
452874 314766 452913 314806 0
427678 311616 427717 311656 0
430827 311616 430867 311656 0
449725 311616 449764 311656 0
452874 311616 452913 311656 0
427678 308467 427717 308507 0
433977 308467 434017 308507 0
449725 308467 449764 308507 0
452874 308467 452913 308507 0
427678 305317 427717 305357 0
430827 305317 430867 305357 0
449725 305317 449764 305357 0
452874 305317 452913 305357 0
427678 302167 427717 302207 0
446575 302167 446614 302207 0
449725 302167 449764 302207 0
452874 302167 452913 302207 0
427678 299018 427717 299058 0
452874 299018 452913 299058 0
427678 295868 427717 295908 0
430827 295868 430867 295908 0
449725 295868 449764 295908 0
452874 295868 452913 295908 0
427678 292719 427717 292758 0
452874 292719 452913 292758 0
427678 289569 427717 289608 0
452874 289569 452913 289608 0
427678 286419 427717 286458 0
452874 286419 452913 286458 0
427678 283270 427717 283310 0
452874 283270 452913 283310 0
427678 276971 427717 277010 0
452874 276971 452913 277010 0
427678 273821 427717 273860 0
446575 273821 446614 273860 0
452874 273821 452913 273860 0
429452 265905 429547 266000 2
429452 259999 429547 260094 2
423400 276900 424600 278100 2
425400 276900 426600 278100 2
427400 274400 428600 275600 2
427400 272400 428600 273600 2
408070 421800 409270 423000 2
408070 423800 409270 425000 2
413900 410500 413900 410500 2
414800 404000 416000 405200 2
412800 404000 414000 405200 2
411250 398000 412450 399200 2
409250 398000 410450 399200 2
392500 406900 393700 408100 0
394500 406900 395700 408100 0
392500 404700 393700 405900 0
394500 404700 395700 405900 0
405600 413800 406800 415000 2
405600 415800 406800 417000 2
405100 404000 406300 405200 2
407100 404000 408300 405200 2
391220 404850 392420 406050 2
391220 406850 392420 408050 2
400820 401500 402020 402700 2
400820 403500 402020 404700 2
392220 396700 393420 397900 2
392220 398700 393420 399900 2
405300 411400 406500 412600 2
405300 409400 406500 410600 2
390520 418100 392720 420300 2
390520 421900 392720 424100 2
393970 418050 396170 420250 2
393970 421850 396170 424050 2
397420 406050 399620 408250 2
393620 406050 395820 408250 2
402120 413300 404320 415500 2
402120 417100 404320 419300 2
401900 409900 404100 412100 2
401900 406100 404100 408300 2
394620 410100 396820 412300 2
398420 410100 400620 412300 2
397420 402650 399620 404850 2
393620 402650 395820 404850 2
399120 398100 401320 400300 2
395320 398100 397520 400300 2
399670 413800 400870 415000 2
397670 413800 398870 415000 2
394100 376400 395300 377600 0
392100 376400 393300 377600 0
394100 373900 395300 375100 0
392100 373900 393300 375100 0
414470 374550 415670 375750 2
412470 374550 413670 375750 2
412170 389600 413370 390800 2
414170 389600 415370 390800 2
395400 384900 396600 386100 2
395400 382900 396600 384100 2
406870 383600 408070 384800 2
408870 383600 410070 384800 2
406220 393850 407420 395050 2
406220 395850 407420 397050 2
409900 393500 411100 394700 2
409900 395500 411100 396700 2
411813 382943 413013 384143 2
413227 384357 414427 385557 2
414300 393900 415500 395100 2
412300 393900 413500 395100 2
406220 386000 407420 387200 2
406220 388000 407420 389200 2
395620 391250 396820 392450 2
395620 393250 396820 394450 2
391900 384400 394100 386600 2
391900 380600 394100 382800 2
392220 389100 394420 391300 2
392220 392900 394420 395100 2
399020 394650 401220 396850 2
402820 394650 405020 396850 2
402820 384050 405020 386250 2
402820 387850 405020 390050 2
397900 378500 400100 380700 2
397900 382300 400100 384500 2
407670 379600 409870 381800 2
407670 375800 409870 378000 2
395620 387850 397820 390050 2
399420 387850 401620 390050 2
392870 378050 394070 379250 2
394870 378050 396070 379250 2
392700 375500 393900 376700 2
394700 375500 395900 376700 2
398100 373100 399300 374300 2
400100 373100 401300 374300 2
392100 371400 393300 372600 0
394100 371400 395300 372600 0
403600 367700 404800 368900 2
403600 365700 404800 366900 2
406200 373300 407400 374500 2
406200 371300 407400 372500 2
411670 372200 412870 373400 2
409670 372200 410870 373400 2
402800 371300 405000 373500 2
402800 375100 405000 377300 2
393500 366500 395700 368700 2
397300 366500 399500 368700 2
391000 369000 392200 370200 2
391000 367000 392200 368200 2
393000 364100 394200 365300 2
395000 364100 396200 365300 2
414477 354893 415677 356093 2
413063 356307 414263 357507 2
404600 356000 404600 356000 2
410120 353600 411320 354800 2
408120 353600 409320 354800 2
408300 351200 409500 352400 2
406300 351200 407500 352400 2
404753 424514 404786 424547 0
407312 424514 407345 424547 0
409871 424514 409904 424547 0
412430 424514 412463 424547 0
414989 424514 415022 424547 0
417548 424514 417581 424547 0
420108 424514 420141 424547 0
422667 424514 422700 424547 0
425226 424514 425259 424547 0
427785 424514 427818 424547 0
430344 424514 430377 424547 0
432903 424514 432936 424547 0
435462 424514 435495 424547 0
438021 424514 438054 424547 0
440580 424514 440613 424547 0
443139 424514 443172 424547 0
445698 424514 445731 424547 0
448257 424514 448290 424547 0
450816 424514 450849 424547 0
453375 424514 453408 424547 0
455934 424514 455967 424547 0
458493 424514 458526 424547 0
461052 424514 461085 424547 0
463611 424514 463644 424547 0
466170 424514 466203 424547 0
468730 424514 468763 424547 0
471289 424514 471322 424547 0
473848 424514 473881 424547 0
476407 424514 476440 424547 0
481525 424514 481558 424547 0
404753 421955 404786 421988 0
407312 421955 407345 421988 0
409871 421955 409904 421988 0
412430 421955 412463 421988 0
414989 421955 415022 421988 0
417548 421955 417581 421988 0
420108 421955 420141 421988 0
422667 421955 422700 421988 0
425226 421955 425259 421988 0
427785 421955 427818 421988 0
430344 421955 430377 421988 0
432903 421955 432936 421988 0
435462 421955 435495 421988 0
438021 421955 438054 421988 0
440580 421955 440613 421988 0
443139 421955 443172 421988 0
445698 421955 445731 421988 0
448257 421955 448290 421988 0
450816 421955 450849 421988 0
453375 421955 453408 421988 0
455934 421955 455967 421988 0
458493 421955 458526 421988 0
461052 421955 461085 421988 0
463611 421955 463644 421988 0
466170 421955 466203 421988 0
468730 421955 468763 421988 0
471289 421955 471322 421988 0
473848 421955 473881 421988 0
476407 421955 476440 421988 0
481525 421955 481558 421988 0
404753 419396 404786 419429 0
407312 419396 407345 419429 0
409871 419396 409904 419429 0
412430 419396 412463 419429 0
414989 419396 415022 419429 0
420108 419396 420141 419429 0
422667 419396 422700 419429 0
427785 419396 427818 419429 0
430344 419396 430377 419429 0
435462 419396 435495 419429 0
438021 419396 438054 419429 0
443139 419396 443172 419429 0
445698 419396 445731 419429 0
450816 419396 450849 419429 0
453375 419396 453408 419429 0
458493 419396 458526 419429 0
461052 419396 461085 419429 0
466170 419396 466203 419429 0
468730 419396 468763 419429 0
473848 419396 473881 419429 0
476407 419396 476440 419429 0
478966 419396 478999 419429 0
481525 419396 481558 419429 0
404753 416837 404786 416870 0
407312 416837 407345 416870 0
412430 416837 412463 416870 0
414989 416837 415022 416870 0
417548 416837 417581 416870 0
420108 416837 420141 416870 0
422667 416837 422700 416870 0
425226 416837 425259 416870 0
427785 416837 427818 416870 0
430344 416837 430377 416870 0
432903 416837 432936 416870 0
435462 416837 435495 416870 0
438021 416837 438054 416870 0
440580 416837 440613 416870 0
443139 416837 443172 416870 0
445698 416837 445731 416870 0
448257 416837 448290 416870 0
450816 416837 450849 416870 0
453375 416837 453408 416870 0
455934 416837 455967 416870 0
458493 416837 458526 416870 0
461052 416837 461085 416870 0
463611 416837 463644 416870 0
466170 416837 466203 416870 0
468730 416837 468763 416870 0
471289 416837 471322 416870 0
473848 416837 473881 416870 0
478966 416837 478999 416870 0
481525 416837 481558 416870 0
404753 414278 404786 414311 0
407312 414278 407345 414311 0
409871 414278 409904 414311 0
412430 414278 412463 414311 0
414989 414278 415022 414311 0
417548 414278 417581 414311 0
420108 414278 420141 414311 0
422667 414278 422700 414311 0
425226 414278 425259 414311 0
427785 414278 427818 414311 0
430344 414278 430377 414311 0
432903 414278 432936 414311 0
435462 414278 435495 414311 0
438021 414278 438054 414311 0
440580 414278 440613 414311 0
443139 414278 443172 414311 0
445698 414278 445731 414311 0
448257 414278 448290 414311 0
450816 414278 450849 414311 0
453375 414278 453408 414311 0
455934 414278 455967 414311 0
458493 414278 458526 414311 0
461052 414278 461085 414311 0
463611 414278 463644 414311 0
466170 414278 466203 414311 0
468730 414278 468763 414311 0
471289 414278 471322 414311 0
473848 414278 473881 414311 0
476407 414278 476440 414311 0
478966 414278 478999 414311 0
481525 414278 481558 414311 0
404753 411719 404786 411752 0
407312 411719 407345 411752 0
409871 411719 409904 411752 0
412430 411719 412463 411752 0
414989 411719 415022 411752 0
471289 411719 471322 411752 0
473848 411719 473881 411752 0
476407 411719 476440 411752 0
478966 411719 478999 411752 0
481525 411719 481558 411752 0
404753 409159 404786 409192 0
407312 409159 407345 409192 0
412430 409159 412463 409192 0
414989 409159 415022 409192 0
471289 409159 471322 409192 0
473848 409159 473881 409192 0
478966 409159 478999 409192 0
481525 409159 481558 409192 0
404753 406600 404786 406633 0
407312 406600 407345 406633 0
409871 406600 409904 406633 0
412430 406600 412463 406633 0
414989 406600 415022 406633 0
425226 406600 425259 406633 0
427785 406600 427818 406633 0
430344 406600 430377 406633 0
432903 406600 432936 406633 0
435462 406600 435495 406633 0
438021 406600 438054 406633 0
440580 406600 440613 406633 0
443139 406600 443172 406633 0
445698 406600 445731 406633 0
448257 406600 448290 406633 0
450816 406600 450849 406633 0
453375 406600 453408 406633 0
455934 406600 455967 406633 0
458493 406600 458526 406633 0
461052 406600 461085 406633 0
463611 406600 463644 406633 0
471289 406600 471322 406633 0
473848 406600 473881 406633 0
476407 406600 476440 406633 0
478966 406600 478999 406633 0
481525 406600 481558 406633 0
404753 404041 404786 404074 0
407312 404041 407345 404074 0
409871 404041 409904 404074 0
412430 404041 412463 404074 0
414989 404041 415022 404074 0
422667 404041 422700 404074 0
425226 404041 425259 404074 0
427785 404041 427818 404074 0
430344 404041 430377 404074 0
432903 404041 432936 404074 0
435462 404041 435495 404074 0
438021 404041 438054 404074 0
440580 404041 440613 404074 0
443139 404041 443172 404074 0
445698 404041 445731 404074 0
448257 404041 448290 404074 0
450816 404041 450849 404074 0
453375 404041 453408 404074 0
455934 404041 455967 404074 0
458493 404041 458526 404074 0
461052 404041 461085 404074 0
463611 404041 463644 404074 0
471289 404041 471322 404074 0
473848 404041 473881 404074 0
476407 404041 476440 404074 0
478966 404041 478999 404074 0
481525 404041 481558 404074 0
404753 401482 404786 401515 0
407312 401482 407345 401515 0
412430 401482 412463 401515 0
414989 401482 415022 401515 0
422667 401482 422700 401515 0
425226 401482 425259 401515 0
427785 401482 427818 401515 0
430344 401482 430377 401515 0
432903 401482 432936 401515 0
435462 401482 435495 401515 0
438021 401482 438054 401515 0
440580 401482 440613 401515 0
443139 401482 443172 401515 0
445698 401482 445731 401515 0
448257 401482 448290 401515 0
450816 401482 450849 401515 0
453375 401482 453408 401515 0
455934 401482 455967 401515 0
458493 401482 458526 401515 0
461052 401482 461085 401515 0
463611 401482 463644 401515 0
471289 401482 471322 401515 0
473848 401482 473881 401515 0
478966 401482 478999 401515 0
481525 401482 481558 401515 0
404753 398923 404786 398956 0
407312 398923 407345 398956 0
409871 398923 409904 398956 0
412430 398923 412463 398956 0
414989 398923 415022 398956 0
422667 398923 422700 398956 0
425226 398923 425259 398956 0
427785 398923 427818 398956 0
430344 398923 430377 398956 0
432903 398923 432936 398956 0
435462 398923 435495 398956 0
438021 398923 438054 398956 0
440580 398923 440613 398956 0
443139 398923 443172 398956 0
445698 398923 445731 398956 0
448257 398923 448290 398956 0
450816 398923 450849 398956 0
453375 398923 453408 398956 0
455934 398923 455967 398956 0
458493 398923 458526 398956 0
461052 398923 461085 398956 0
463611 398923 463644 398956 0
471289 398923 471322 398956 0
473848 398923 473881 398956 0
476407 398923 476440 398956 0
478966 398923 478999 398956 0
481525 398923 481558 398956 0
404753 396364 404786 396397 0
407312 396364 407345 396397 0
409871 396364 409904 396397 0
412430 396364 412463 396397 0
414989 396364 415022 396397 0
422667 396364 422700 396397 0
425226 396364 425259 396397 0
427785 396364 427818 396397 0
430344 396364 430377 396397 0
432903 396364 432936 396397 0
435462 396364 435495 396397 0
438021 396364 438054 396397 0
440580 396364 440613 396397 0
443139 396364 443172 396397 0
445698 396364 445731 396397 0
448257 396364 448290 396397 0
450816 396364 450849 396397 0
453375 396364 453408 396397 0
455934 396364 455967 396397 0
458493 396364 458526 396397 0
461052 396364 461085 396397 0
463611 396364 463644 396397 0
471289 396364 471322 396397 0
473848 396364 473881 396397 0
476407 396364 476440 396397 0
478966 396364 478999 396397 0
481525 396364 481558 396397 0
404753 393805 404786 393838 0
407312 393805 407345 393838 0
412430 393805 412463 393838 0
414989 393805 415022 393838 0
422667 393805 422700 393838 0
425226 393805 425259 393838 0
427785 393805 427818 393838 0
430344 393805 430377 393838 0
432903 393805 432936 393838 0
435462 393805 435495 393838 0
438021 393805 438054 393838 0
440580 393805 440613 393838 0
443139 393805 443172 393838 0
445698 393805 445731 393838 0
448257 393805 448290 393838 0
450816 393805 450849 393838 0
453375 393805 453408 393838 0
455934 393805 455967 393838 0
458493 393805 458526 393838 0
461052 393805 461085 393838 0
463611 393805 463644 393838 0
471289 393805 471322 393838 0
473848 393805 473881 393838 0
478966 393805 478999 393838 0
481525 393805 481558 393838 0
404753 391246 404786 391279 0
404753 388687 404786 388720 0
404753 386128 404786 386161 0
404753 383569 404786 383602 0
404753 381010 404786 381043 0
404753 378451 404786 378484 0
404753 375892 404786 375925 0
404753 373333 404786 373366 0
404753 370774 404786 370807 0
404753 368215 404786 368248 0
404753 365656 404786 365689 0
404753 363097 404786 363130 0
404753 360537 404786 360570 0
404753 357978 404786 358011 0
404753 355419 404786 355452 0
404753 352860 404786 352893 0
404753 350301 404786 350334 0
404753 347742 404786 347775 0
407312 391246 407345 391279 0
407312 388687 407345 388720 0
407312 386128 407345 386161 0
407312 383569 407345 383602 0
407312 381010 407345 381043 0
407312 378451 407345 378484 0
407312 375892 407345 375925 0
407312 373333 407345 373366 0
407312 370774 407345 370807 0
407312 368215 407345 368248 0
407312 365656 407345 365689 0
407312 363097 407345 363130 0
407312 360537 407345 360570 0
407312 357978 407345 358011 0
407312 355419 407345 355452 0
407312 352860 407345 352893 0
407312 350301 407345 350334 0
407312 347742 407345 347775 0
409871 391246 409904 391279 0
409871 388687 409904 388720 0
409871 383569 409904 383602 0
409871 381010 409904 381043 0
409871 375892 409904 375925 0
409871 373333 409904 373366 0
409871 368215 409904 368248 0
409871 365656 409904 365689 0
409871 360537 409904 360570 0
409871 357978 409904 358011 0
409871 352860 409904 352893 0
409871 350301 409904 350334 0
409871 347742 409904 347775 0
412430 391246 412463 391279 0
412430 388687 412463 388720 0
412430 386128 412463 386161 0
412430 383569 412463 383602 0
412430 381010 412463 381043 0
412430 378451 412463 378484 0
412430 375892 412463 375925 0
412430 373333 412463 373366 0
412430 370774 412463 370807 0
412430 368215 412463 368248 0
412430 365656 412463 365689 0
412430 363097 412463 363130 0
412430 360537 412463 360570 0
412430 357978 412463 358011 0
412430 355419 412463 355452 0
412430 350301 412463 350334 0
412430 347742 412463 347775 0
414989 391246 415022 391279 0
414989 388687 415022 388720 0
414989 386128 415022 386161 0
414989 383569 415022 383602 0
414989 381010 415022 381043 0
414989 378451 415022 378484 0
414989 375892 415022 375925 0
414989 373333 415022 373366 0
414989 370774 415022 370807 0
414989 368215 415022 368248 0
414989 365656 415022 365689 0
414989 363097 415022 363130 0
414989 360537 415022 360570 0
414989 355419 415022 355452 0
414989 352860 415022 352893 0
414989 350301 415022 350334 0
414989 347742 415022 347775 0
417548 357978 417581 358011 0
417548 355419 417581 355452 0
417548 352860 417581 352893 0
417548 350301 417581 350334 0
417548 347742 417581 347775 0
420108 357978 420141 358011 0
420108 355419 420141 355452 0
420108 350301 420141 350334 0
420108 347742 420141 347775 0
422667 391246 422700 391279 0
422667 388687 422700 388720 0
422667 386128 422700 386161 0
422667 383569 422700 383602 0
422667 381010 422700 381043 0
422667 378451 422700 378484 0
422667 375892 422700 375925 0
422667 373333 422700 373366 0
422667 370774 422700 370807 0
422667 368215 422700 368248 0
422667 365656 422700 365689 0
422667 357978 422700 358011 0
422667 355419 422700 355452 0
422667 352860 422700 352893 0
422667 350301 422700 350334 0
422667 347742 422700 347775 0
425226 391246 425259 391279 0
425226 388687 425259 388720 0
425226 386128 425259 386161 0
425226 383569 425259 383602 0
425226 381010 425259 381043 0
425226 378451 425259 378484 0
425226 375892 425259 375925 0
425226 373333 425259 373366 0
425226 370774 425259 370807 0
425226 368215 425259 368248 0
425226 365656 425259 365689 0
425226 357978 425259 358011 0
425226 355419 425259 355452 0
425226 352860 425259 352893 0
425226 350301 425259 350334 0
425226 347742 425259 347775 0
427785 391246 427818 391279 0
427785 388687 427818 388720 0
427785 386128 427818 386161 0
427785 383569 427818 383602 0
427785 381010 427818 381043 0
427785 378451 427818 378484 0
427785 375892 427818 375925 0
427785 373333 427818 373366 0
427785 370774 427818 370807 0
427785 368215 427818 368248 0
427785 365656 427818 365689 0
427785 357978 427818 358011 0
427785 355419 427818 355452 0
427785 350301 427818 350334 0
427785 347742 427818 347775 0
430344 391246 430377 391279 0
430344 388687 430377 388720 0
430344 386128 430377 386161 0
430344 383569 430377 383602 0
430344 381010 430377 381043 0
430344 378451 430377 378484 0
430344 375892 430377 375925 0
430344 373333 430377 373366 0
430344 370774 430377 370807 0
430344 368215 430377 368248 0
430344 365656 430377 365689 0
430344 357978 430377 358011 0
430344 355419 430377 355452 0
430344 352860 430377 352893 0
430344 350301 430377 350334 0
430344 347742 430377 347775 0
432903 391246 432936 391279 0
432903 388687 432936 388720 0
432903 386128 432936 386161 0
432903 383569 432936 383602 0
432903 381010 432936 381043 0
432903 378451 432936 378484 0
432903 375892 432936 375925 0
432903 373333 432936 373366 0
432903 370774 432936 370807 0
432903 368215 432936 368248 0
432903 365656 432936 365689 0
432903 357978 432936 358011 0
432903 355419 432936 355452 0
432903 352860 432936 352893 0
432903 350301 432936 350334 0
432903 347742 432936 347775 0
435462 391246 435495 391279 0
435462 388687 435495 388720 0
435462 386128 435495 386161 0
435462 383569 435495 383602 0
435462 381010 435495 381043 0
435462 378451 435495 378484 0
435462 375892 435495 375925 0
435462 373333 435495 373366 0
435462 370774 435495 370807 0
435462 368215 435495 368248 0
435462 365656 435495 365689 0
435462 357978 435495 358011 0
435462 355419 435495 355452 0
435462 350301 435495 350334 0
435462 347742 435495 347775 0
438021 391246 438054 391279 0
438021 388687 438054 388720 0
438021 386128 438054 386161 0
438021 383569 438054 383602 0
438021 381010 438054 381043 0
438021 378451 438054 378484 0
438021 375892 438054 375925 0
438021 373333 438054 373366 0
438021 370774 438054 370807 0
438021 368215 438054 368248 0
438021 365656 438054 365689 0
438021 357978 438054 358011 0
438021 355419 438054 355452 0
438021 352860 438054 352893 0
438021 350301 438054 350334 0
438021 347742 438054 347775 0
440580 391246 440613 391279 0
440580 388687 440613 388720 0
440580 386128 440613 386161 0
440580 383569 440613 383602 0
440580 381010 440613 381043 0
440580 378451 440613 378484 0
440580 375892 440613 375925 0
440580 373333 440613 373366 0
440580 370774 440613 370807 0
440580 368215 440613 368248 0
440580 365656 440613 365689 0
440580 357978 440613 358011 0
440580 355419 440613 355452 0
440580 352860 440613 352893 0
443139 391246 443172 391279 0
443139 388687 443172 388720 0
443139 386128 443172 386161 0
443139 383569 443172 383602 0
443139 381010 443172 381043 0
443139 378451 443172 378484 0
443139 375892 443172 375925 0
443139 373333 443172 373366 0
443139 370774 443172 370807 0
443139 368215 443172 368248 0
443139 365656 443172 365689 0
445698 391246 445731 391279 0
445698 388687 445731 388720 0
445698 386128 445731 386161 0
445698 383569 445731 383602 0
445698 381010 445731 381043 0
445698 378451 445731 378484 0
445698 375892 445731 375925 0
445698 373333 445731 373366 0
445698 370774 445731 370807 0
445698 368215 445731 368248 0
445698 365656 445731 365689 0
445698 352860 445731 352893 0
448257 391246 448290 391279 0
448257 388687 448290 388720 0
448257 386128 448290 386161 0
448257 383569 448290 383602 0
448257 381010 448290 381043 0
448257 378451 448290 378484 0
448257 375892 448290 375925 0
448257 373333 448290 373366 0
448257 370774 448290 370807 0
448257 368215 448290 368248 0
448257 365656 448290 365689 0
448257 357978 448290 358011 0
448257 355419 448290 355452 0
448257 352860 448290 352893 0
450816 391246 450849 391279 0
450816 388687 450849 388720 0
450816 386128 450849 386161 0
450816 383569 450849 383602 0
450816 381010 450849 381043 0
450816 378451 450849 378484 0
450816 375892 450849 375925 0
450816 373333 450849 373366 0
450816 370774 450849 370807 0
450816 368215 450849 368248 0
450816 365656 450849 365689 0
453375 391246 453408 391279 0
453375 388687 453408 388720 0
453375 386128 453408 386161 0
453375 383569 453408 383602 0
453375 381010 453408 381043 0
453375 378451 453408 378484 0
453375 375892 453408 375925 0
453375 373333 453408 373366 0
453375 370774 453408 370807 0
453375 368215 453408 368248 0
453375 365656 453408 365689 0
453375 352860 453408 352893 0
455934 391246 455967 391279 0
455934 388687 455967 388720 0
455934 386128 455967 386161 0
455934 383569 455967 383602 0
455934 381010 455967 381043 0
455934 378451 455967 378484 0
455934 375892 455967 375925 0
455934 373333 455967 373366 0
455934 370774 455967 370807 0
455934 368215 455967 368248 0
455934 365656 455967 365689 0
455934 357978 455967 358011 0
455934 355419 455967 355452 0
455934 352860 455967 352893 0
458493 391246 458526 391279 0
458493 388687 458526 388720 0
458493 386128 458526 386161 0
458493 383569 458526 383602 0
458493 381010 458526 381043 0
458493 378451 458526 378484 0
458493 375892 458526 375925 0
458493 373333 458526 373366 0
458493 370774 458526 370807 0
458493 368215 458526 368248 0
458493 365656 458526 365689 0
461052 391246 461085 391279 0
461052 388687 461085 388720 0
461052 386128 461085 386161 0
461052 383569 461085 383602 0
461052 381010 461085 381043 0
461052 378451 461085 378484 0
461052 375892 461085 375925 0
461052 373333 461085 373366 0
461052 370774 461085 370807 0
461052 368215 461085 368248 0
461052 365656 461085 365689 0
461052 357978 461085 358011 0
461052 352860 461085 352893 0
463611 391246 463644 391279 0
463611 388687 463644 388720 0
463611 386128 463644 386161 0
463611 383569 463644 383602 0
463611 381010 463644 381043 0
463611 378451 463644 378484 0
463611 375892 463644 375925 0
463611 373333 463644 373366 0
463611 370774 463644 370807 0
463611 368215 463644 368248 0
463611 365656 463644 365689 0
463611 357978 463644 358011 0
463611 352860 463644 352893 0
468730 357978 468763 358011 0
468730 355419 468763 355452 0
468730 352860 468763 352893 0
471289 391246 471322 391279 0
471289 388687 471322 388720 0
471289 386128 471322 386161 0
471289 383569 471322 383602 0
471289 381010 471322 381043 0
471289 378451 471322 378484 0
471289 375892 471322 375925 0
471289 373333 471322 373366 0
471289 370774 471322 370807 0
471289 368215 471322 368248 0
471289 365656 471322 365689 0
471289 363097 471322 363130 0
471289 360537 471322 360570 0
471289 352860 471322 352893 0
473848 391246 473881 391279 0
473848 388687 473881 388720 0
473848 386128 473881 386161 0
473848 383569 473881 383602 0
473848 381010 473881 381043 0
473848 378451 473881 378484 0
473848 375892 473881 375925 0
473848 370774 473881 370807 0
473848 357978 473881 358011 0
473848 352860 473881 352893 0
476407 391246 476440 391279 0
476407 388687 476440 388720 0
476407 383569 476440 383602 0
476407 381010 476440 381043 0
476407 375892 476440 375925 0
476407 373333 476440 373366 0
476407 368215 476440 368248 0
476407 365656 476440 365689 0
476407 360537 476440 360570 0
476407 357978 476440 358011 0
476407 350301 476440 350334 0
476407 347742 476440 347775 0
478966 391246 478999 391279 0
478966 388687 478999 388720 0
478966 386128 478999 386161 0
478966 383569 478999 383602 0
478966 381010 478999 381043 0
478966 347742 478999 347775 0
481525 391246 481558 391279 0
481525 388687 481558 388720 0
481525 386128 481558 386161 0
481525 383569 481558 383602 0
481525 381010 481558 381043 0
481525 350301 481558 350334 0
481525 347742 481558 347775 0
416900 343300 419100 345500 2
413100 343300 415300 345500 2
412400 349400 412400 349400 2
412600 339500 412600 339500 2
407300 344100 409500 346300 2
403500 344100 405700 346300 2
407300 347800 409500 350000 2
403500 347800 405700 350000 2
404400 306400 405600 307600 2
406400 306400 407600 307600 2
412400 306400 413600 307600 2
410400 306400 411600 307600 2
412400 303400 413600 304600 2
410400 303400 411600 304600 2
406400 303400 407600 304600 2
404400 303400 405600 304600 2
406400 309400 407600 310600 2
404400 309400 405600 310600 2
410400 285400 411600 286600 2
412400 285400 413600 286600 2
404400 285400 405600 286600 2
406400 285400 407600 286600 2
404400 300400 405600 301600 2
406400 300400 407600 301600 2
412400 291400 413600 292600 2
410400 291400 411600 292600 2
404400 297400 405600 298600 2
406400 297400 407600 298600 2
404400 282400 405600 283600 2
406400 282400 407600 283600 2
412400 288400 413600 289600 2
410400 288400 411600 289600 2
404400 288400 405600 289600 2
406400 288400 407600 289600 2
404400 294400 405600 295600 2
406400 294400 407600 295600 2
412400 300400 413600 301600 2
410400 300400 411600 301600 2
412400 294400 413600 295600 2
410400 294400 411600 295600 2
410400 297400 411600 298600 2
412400 297400 413600 298600 2
406400 291400 407600 292600 2
404400 291400 405600 292600 2
410400 255900 411600 257100 2
412400 255900 413600 257100 2
407905 278952 408000 279047 2
401999 278952 402094 279047 2
412400 264900 413600 266100 2
410400 264900 411600 266100 2
412400 258900 413600 260100 2
410400 258900 411600 260100 2
404400 264900 405600 266100 2
406400 264900 407600 266100 2
404400 258900 405600 260100 2
406400 258900 407600 260100 2
412400 270900 413600 272100 2
410400 270900 411600 272100 2
412400 273900 413600 275100 2
410400 273900 411600 275100 2
412400 261900 413600 263100 2
410400 261900 411600 263100 2
404400 255900 405600 257100 2
406400 255900 407600 257100 2
404400 267900 405600 269100 2
406400 267900 407600 269100 2
404400 273900 405600 275100 2
406400 273900 407600 275100 2
406400 261900 407600 263100 2
404400 261900 405600 263100 2
406400 270900 407600 272100 2
404400 270900 405600 272100 2
410900 276900 412100 278100 2
412900 276900 414100 278100 2
410400 267900 411600 269100 2
412400 267900 413600 269100 2
412400 252900 413600 254100 2
410400 252900 411600 254100 2
404400 252900 405600 254100 2
406400 252900 407600 254100 2
410400 249900 411600 251100 2
412400 249900 413600 251100 2
406400 249900 407600 251100 2
404400 249900 405600 251100 2
388820 404850 390020 406050 2
388820 406850 390020 408050 2
388820 395650 391020 397850 2
388820 399450 391020 401650 2
388600 369000 389800 370200 2
388600 367000 389800 368200 2
